camera_matrix:
- - 824.1746553991545
  - 0.0
  - 318.3372181139474
- - 0.0
  - 820.0147350116134
  - 224.26881164370226
- - 0.0
  - 0.0
  - 1.0
dist_coeff:
- - -0.12065768020817443
  - 1.1186390947214304
  - -0.0008663747597665749
  - -0.002975955114982038
  - -3.9245430486173185
